function [A,b] = const_para(x)
A1=zeros(3,2);
b1=zeros(3,1);
A2=zeros(3,2);
b2=zeros(3,1);
A=zeros(3,2);
b=zeros(3,1);
x_norm=[5;5;5;5;2;2];
y=x./x_norm(1:4);
m1=1/(1+exp(100*(y(1)-3.427347e-03)));
m2=1-m1;
A1(1,1)=(y(1)^0*y(2)^0*y(3)^0*y(4)^0*-8.113323e-02+...
y(1)^0*y(2)^0*y(3)^0*y(4)^1*1.369308e-01+...
y(1)^0*y(2)^0*y(3)^0*y(4)^2*-1.356104e-01+...
y(1)^0*y(2)^0*y(3)^1*y(4)^0*-4.210435e-01+...
y(1)^0*y(2)^0*y(3)^1*y(4)^1*8.141467e-02+...
y(1)^0*y(2)^0*y(3)^2*y(4)^0*-1.134226e-01+...
y(1)^0*y(2)^1*y(3)^0*y(4)^0*3.384662e-03+...
y(1)^0*y(2)^1*y(3)^0*y(4)^1*-5.207908e-02+...
y(1)^0*y(2)^1*y(3)^1*y(4)^0*6.880280e-02+...
y(1)^0*y(2)^2*y(3)^0*y(4)^0*4.881944e-02+...
y(1)^1*y(2)^0*y(3)^0*y(4)^0*-4.500704e-02+...
y(1)^1*y(2)^0*y(3)^0*y(4)^1*1.091776e-01+...
y(1)^1*y(2)^0*y(3)^1*y(4)^0*-1.677314e-01+...
y(1)^1*y(2)^1*y(3)^0*y(4)^0*1.248807e-01+...
y(1)^2*y(2)^0*y(3)^0*y(4)^0*-2.538938e-01)/2;
A1(2,1)=(y(1)^0*y(2)^0*y(3)^0*y(4)^0*-8.548148e-03+...
y(1)^0*y(2)^0*y(3)^0*y(4)^1*1.726147e-01+...
y(1)^0*y(2)^0*y(3)^0*y(4)^2*-1.080892e-01+...
y(1)^0*y(2)^0*y(3)^1*y(4)^0*-3.199819e-01+...
y(1)^0*y(2)^0*y(3)^1*y(4)^1*1.394107e-01+...
y(1)^0*y(2)^0*y(3)^2*y(4)^0*-1.767194e-01+...
y(1)^0*y(2)^1*y(3)^0*y(4)^0*-1.060580e-01+...
y(1)^0*y(2)^1*y(3)^0*y(4)^1*-3.480740e-02+...
y(1)^0*y(2)^1*y(3)^1*y(4)^0*1.504778e-01+...
y(1)^0*y(2)^2*y(3)^0*y(4)^0*4.484305e-02+...
y(1)^1*y(2)^0*y(3)^0*y(4)^0*-1.573009e-01+...
y(1)^1*y(2)^0*y(3)^0*y(4)^1*1.033035e-01+...
y(1)^1*y(2)^0*y(3)^1*y(4)^0*-1.890130e-01+...
y(1)^1*y(2)^1*y(3)^0*y(4)^0*8.587039e-02+...
y(1)^2*y(2)^0*y(3)^0*y(4)^0*-1.607317e-01)/2;
A1(3,1)=(y(1)^0*y(2)^0*y(3)^0*y(4)^0*-1.145783e-01+...
y(1)^0*y(2)^0*y(3)^0*y(4)^1*1.400062e-01+...
y(1)^0*y(2)^0*y(3)^0*y(4)^2*-1.399220e-01+...
y(1)^0*y(2)^0*y(3)^1*y(4)^0*-3.321239e-01+...
y(1)^0*y(2)^0*y(3)^1*y(4)^1*1.909149e-01+...
y(1)^0*y(2)^0*y(3)^2*y(4)^0*-1.824678e-01+...
y(1)^0*y(2)^1*y(3)^0*y(4)^0*9.849333e-02+...
y(1)^0*y(2)^1*y(3)^0*y(4)^1*-7.291514e-02+...
y(1)^0*y(2)^1*y(3)^1*y(4)^0*1.055341e-01+...
y(1)^0*y(2)^2*y(3)^0*y(4)^0*-1.936194e-02+...
y(1)^1*y(2)^0*y(3)^0*y(4)^0*-2.304198e-01+...
y(1)^1*y(2)^0*y(3)^0*y(4)^1*1.568721e-01+...
y(1)^1*y(2)^0*y(3)^1*y(4)^0*-1.879201e-01+...
y(1)^1*y(2)^1*y(3)^0*y(4)^0*8.888826e-02+...
y(1)^2*y(2)^0*y(3)^0*y(4)^0*-1.818828e-01)/2;
A1(1,2)=(y(1)^0*y(2)^0*y(3)^0*y(4)^0*-1.918146e-02+...
y(1)^0*y(2)^0*y(3)^0*y(4)^1*-3.114269e-01+...
y(1)^0*y(2)^0*y(3)^0*y(4)^2*-7.971152e-02+...
y(1)^0*y(2)^0*y(3)^1*y(4)^0*-1.395278e-01+...
y(1)^0*y(2)^0*y(3)^1*y(4)^1*5.967823e-02+...
y(1)^0*y(2)^0*y(3)^2*y(4)^0*-4.075226e-02+...
y(1)^0*y(2)^1*y(3)^0*y(4)^0*3.305319e-01+...
y(1)^0*y(2)^1*y(3)^0*y(4)^1*-7.050100e-02+...
y(1)^0*y(2)^1*y(3)^1*y(4)^0*-1.106876e-01+...
y(1)^0*y(2)^2*y(3)^0*y(4)^0*5.566832e-03+...
y(1)^1*y(2)^0*y(3)^0*y(4)^0*1.320024e-02+...
y(1)^1*y(2)^0*y(3)^0*y(4)^1*1.092916e-01+...
y(1)^1*y(2)^0*y(3)^1*y(4)^0*-4.037613e-02+...
y(1)^1*y(2)^1*y(3)^0*y(4)^0*-5.881066e-02+...
y(1)^2*y(2)^0*y(3)^0*y(4)^0*-3.663616e-02)/2;
A1(2,2)=(y(1)^0*y(2)^0*y(3)^0*y(4)^0*-3.424185e-02+...
y(1)^0*y(2)^0*y(3)^0*y(4)^1*-3.321147e-01+...
y(1)^0*y(2)^0*y(3)^0*y(4)^2*-3.934808e-03+...
y(1)^0*y(2)^0*y(3)^1*y(4)^0*-1.391939e-01+...
y(1)^0*y(2)^0*y(3)^1*y(4)^1*1.017623e-01+...
y(1)^0*y(2)^0*y(3)^2*y(4)^0*-3.601288e-02+...
y(1)^0*y(2)^1*y(3)^0*y(4)^0*3.195009e-01+...
y(1)^0*y(2)^1*y(3)^0*y(4)^1*-6.421403e-02+...
y(1)^0*y(2)^1*y(3)^1*y(4)^0*-8.630078e-02+...
y(1)^0*y(2)^2*y(3)^0*y(4)^0*-1.013494e-01+...
y(1)^1*y(2)^0*y(3)^0*y(4)^0*-1.804156e-02+...
y(1)^1*y(2)^0*y(3)^0*y(4)^1*1.091782e-01+...
y(1)^1*y(2)^0*y(3)^1*y(4)^0*-4.026838e-02+...
y(1)^1*y(2)^1*y(3)^0*y(4)^0*-9.102097e-03+...
y(1)^2*y(2)^0*y(3)^0*y(4)^0*-6.306680e-02)/2;
A1(3,2)=(y(1)^0*y(2)^0*y(3)^0*y(4)^0*4.501130e-03+...
y(1)^0*y(2)^0*y(3)^0*y(4)^1*-2.995926e-01+...
y(1)^0*y(2)^0*y(3)^0*y(4)^2*-5.277527e-02+...
y(1)^0*y(2)^0*y(3)^1*y(4)^0*-2.900810e-01+...
y(1)^0*y(2)^0*y(3)^1*y(4)^1*6.303982e-02+...
y(1)^0*y(2)^0*y(3)^2*y(4)^0*-4.083830e-02+...
y(1)^0*y(2)^1*y(3)^0*y(4)^0*2.285963e-01+...
y(1)^0*y(2)^1*y(3)^0*y(4)^1*-4.853767e-02+...
y(1)^0*y(2)^1*y(3)^1*y(4)^0*-3.703850e-02+...
y(1)^0*y(2)^2*y(3)^0*y(4)^0*2.342960e-02+...
y(1)^1*y(2)^0*y(3)^0*y(4)^0*6.655531e-02+...
y(1)^1*y(2)^0*y(3)^0*y(4)^1*8.715847e-02+...
y(1)^1*y(2)^0*y(3)^1*y(4)^0*-8.467867e-02+...
y(1)^1*y(2)^1*y(3)^0*y(4)^0*-1.223551e-03+...
y(1)^2*y(2)^0*y(3)^0*y(4)^0*-1.300021e-01)/2;
b1(1)=y(1)^0*y(2)^0*y(3)^0*y(4)^0*4.224422e-02+...
y(1)^0*y(2)^0*y(3)^0*y(4)^1*-1.329416e-01+...
y(1)^0*y(2)^0*y(3)^0*y(4)^2*2.450992e-01+...
y(1)^0*y(2)^0*y(3)^1*y(4)^0*-5.795804e-02+...
y(1)^0*y(2)^0*y(3)^1*y(4)^1*-1.534694e-01+...
y(1)^0*y(2)^0*y(3)^2*y(4)^0*1.207548e-01+...
y(1)^0*y(2)^1*y(3)^0*y(4)^0*7.806647e-02+...
y(1)^0*y(2)^1*y(3)^0*y(4)^1*1.035479e-01+...
y(1)^0*y(2)^1*y(3)^1*y(4)^0*1.924095e-01+...
y(1)^0*y(2)^2*y(3)^0*y(4)^0*-1.971370e-01+...
y(1)^1*y(2)^0*y(3)^0*y(4)^0*2.430628e-01+...
y(1)^1*y(2)^0*y(3)^0*y(4)^1*-2.356366e-01+...
y(1)^1*y(2)^0*y(3)^1*y(4)^0*1.363257e-01+...
y(1)^1*y(2)^1*y(3)^0*y(4)^0*6.967827e-02+...
y(1)^2*y(2)^0*y(3)^0*y(4)^0*-2.503366e-02;
b1(2)=y(1)^0*y(2)^0*y(3)^0*y(4)^0*3.379295e-02+...
y(1)^0*y(2)^0*y(3)^0*y(4)^1*-2.516552e-01+...
y(1)^0*y(2)^0*y(3)^0*y(4)^2*3.049494e-01+...
y(1)^0*y(2)^0*y(3)^1*y(4)^0*3.569097e-02+...
y(1)^0*y(2)^0*y(3)^1*y(4)^1*-1.568190e-01+...
y(1)^0*y(2)^0*y(3)^2*y(4)^0*1.332228e-01+...
y(1)^0*y(2)^1*y(3)^0*y(4)^0*1.804221e-01+...
y(1)^0*y(2)^1*y(3)^0*y(4)^1*1.182688e-01+...
y(1)^0*y(2)^1*y(3)^1*y(4)^0*9.126364e-02+...
y(1)^0*y(2)^2*y(3)^0*y(4)^0*-2.294033e-01+...
y(1)^1*y(2)^0*y(3)^0*y(4)^0*8.850543e-02+...
y(1)^1*y(2)^0*y(3)^0*y(4)^1*-1.586843e-01+...
y(1)^1*y(2)^0*y(3)^1*y(4)^0*9.381867e-02+...
y(1)^1*y(2)^1*y(3)^0*y(4)^0*1.385172e-01+...
y(1)^2*y(2)^0*y(3)^0*y(4)^0*-8.693137e-02;
b1(3)=y(1)^0*y(2)^0*y(3)^0*y(4)^0*4.951730e-02+...
y(1)^0*y(2)^0*y(3)^0*y(4)^1*-1.705333e-01+...
y(1)^0*y(2)^0*y(3)^0*y(4)^2*1.841598e-01+...
y(1)^0*y(2)^0*y(3)^1*y(4)^0*-5.627536e-02+...
y(1)^0*y(2)^0*y(3)^1*y(4)^1*-2.051763e-01+...
y(1)^0*y(2)^0*y(3)^2*y(4)^0*7.272994e-02+...
y(1)^0*y(2)^1*y(3)^0*y(4)^0*7.133719e-02+...
y(1)^0*y(2)^1*y(3)^0*y(4)^1*1.047592e-01+...
y(1)^0*y(2)^1*y(3)^1*y(4)^0*2.196179e-01+...
y(1)^0*y(2)^2*y(3)^0*y(4)^0*-1.120832e-01+...
y(1)^1*y(2)^0*y(3)^0*y(4)^0*2.297835e-01+...
y(1)^1*y(2)^0*y(3)^0*y(4)^1*-2.164321e-01+...
y(1)^1*y(2)^0*y(3)^1*y(4)^0*1.131382e-01+...
y(1)^1*y(2)^1*y(3)^0*y(4)^0*7.589402e-02+...
y(1)^2*y(2)^0*y(3)^0*y(4)^0*1.676748e-02;
A2(1,1)=(y(1)^0*y(2)^0*y(3)^0*y(4)^0*7.729825e-02+...
y(1)^0*y(2)^0*y(3)^0*y(4)^1*-3.080820e-01+...
y(1)^0*y(2)^0*y(3)^0*y(4)^2*-1.252561e-01+...
y(1)^0*y(2)^0*y(3)^1*y(4)^0*-2.313246e-01+...
y(1)^0*y(2)^0*y(3)^1*y(4)^1*-4.033195e-02+...
y(1)^0*y(2)^0*y(3)^2*y(4)^0*2.463903e-03+...
y(1)^0*y(2)^1*y(3)^0*y(4)^0*1.148074e-01+...
y(1)^0*y(2)^1*y(3)^0*y(4)^1*2.215758e-02+...
y(1)^0*y(2)^1*y(3)^1*y(4)^0*1.595392e-01+...
y(1)^0*y(2)^2*y(3)^0*y(4)^0*1.441659e-01+...
y(1)^1*y(2)^0*y(3)^0*y(4)^0*1.076834e-05+...
y(1)^1*y(2)^0*y(3)^0*y(4)^1*-1.699831e-01+...
y(1)^1*y(2)^0*y(3)^1*y(4)^0*4.494305e-02+...
y(1)^1*y(2)^1*y(3)^0*y(4)^0*9.763737e-02+...
y(1)^2*y(2)^0*y(3)^0*y(4)^0*2.022586e-01)/2;
A2(2,1)=(y(1)^0*y(2)^0*y(3)^0*y(4)^0*7.326114e-02+...
y(1)^0*y(2)^0*y(3)^0*y(4)^1*-3.081294e-01+...
y(1)^0*y(2)^0*y(3)^0*y(4)^2*-1.203505e-01+...
y(1)^0*y(2)^0*y(3)^1*y(4)^0*-2.288663e-01+...
y(1)^0*y(2)^0*y(3)^1*y(4)^1*-4.972043e-02+...
y(1)^0*y(2)^0*y(3)^2*y(4)^0*1.651495e-03+...
y(1)^0*y(2)^1*y(3)^0*y(4)^0*1.221061e-01+...
y(1)^0*y(2)^1*y(3)^0*y(4)^1*2.359940e-02+...
y(1)^0*y(2)^1*y(3)^1*y(4)^0*1.523474e-01+...
y(1)^0*y(2)^2*y(3)^0*y(4)^0*1.410317e-01+...
y(1)^1*y(2)^0*y(3)^0*y(4)^0*3.601539e-03+...
y(1)^1*y(2)^0*y(3)^0*y(4)^1*-1.727864e-01+...
y(1)^1*y(2)^0*y(3)^1*y(4)^0*4.308912e-02+...
y(1)^1*y(2)^1*y(3)^0*y(4)^0*9.889480e-02+...
y(1)^2*y(2)^0*y(3)^0*y(4)^0*2.035696e-01)/2;
